{"nbformat":4,"nbformat_minor":0,"metadata":{"colab":{"provenance":[],"authorship_tag":"ABX9TyMGB3Ad6znUx01I7TUVpXQi"},"kernelspec":{"name":"python3","display_name":"Python 3"},"language_info":{"name":"python"}},"cells":[{"cell_type":"code","execution_count":1,"metadata":{"id":"q4EvrTpNw4bd","executionInfo":{"status":"ok","timestamp":1761889017497,"user_tz":-480,"elapsed":4,"user":{"displayName":"LEE JIAN CHENG","userId":"08500790547327420043"}}},"outputs":[],"source":["import numpy as np"]},{"cell_type":"code","source":["Q1 = np.array([[1,2],[3,4]])\n","print(Q1)"],"metadata":{"colab":{"base_uri":"https://localhost:8080/"},"id":"B_SxYR7pxMvQ","executionInfo":{"status":"ok","timestamp":1761889279294,"user_tz":-480,"elapsed":11,"user":{"displayName":"LEE JIAN CHENG","userId":"08500790547327420043"}},"outputId":"6f3cd1d1-6ef6-4018-b29a-732d865d22cf"},"execution_count":15,"outputs":[{"output_type":"stream","name":"stdout","text":["[[1 2]\n"," [3 4]]\n"]}]},{"cell_type":"code","source":["Q2 = np.random.random((3,4))\n","print(Q2)"],"metadata":{"colab":{"base_uri":"https://localhost:8080/"},"id":"mkM46aZOxcyl","executionInfo":{"status":"ok","timestamp":1761889316629,"user_tz":-480,"elapsed":9,"user":{"displayName":"LEE JIAN CHENG","userId":"08500790547327420043"}},"outputId":"4da2b123-acce-415f-df3b-2ea3d1420450"},"execution_count":18,"outputs":[{"output_type":"stream","name":"stdout","text":["[[0.89535694 0.76157348 0.0089237  0.6479549 ]\n"," [0.29548729 0.63595073 0.00812728 0.04441262]\n"," [0.78378578 0.76076108 0.86412043 0.981331  ]]\n"]}]},{"cell_type":"code","source":["Q3_1 = np.zeros((2,2))\n","print(Q3_1)\n","Q3_2 = np.ones((2,2))\n","print(Q3_2)"],"metadata":{"colab":{"base_uri":"https://localhost:8080/"},"id":"AyioGkRlx1pM","executionInfo":{"status":"ok","timestamp":1761889374163,"user_tz":-480,"elapsed":12,"user":{"displayName":"LEE JIAN CHENG","userId":"08500790547327420043"}},"outputId":"26ad6211-e20f-49db-ab15-80b501da8be6"},"execution_count":19,"outputs":[{"output_type":"stream","name":"stdout","text":["[[0. 0.]\n"," [0. 0.]]\n","[[1. 1.]\n"," [1. 1.]]\n"]}]},{"cell_type":"code","source":["Q4 = np.random.random((6,3))\n","print(Q4)\n","Q4 = Q4.transpose()\n","print(Q4)"],"metadata":{"colab":{"base_uri":"https://localhost:8080/"},"id":"N6ZZ9UWWyk67","executionInfo":{"status":"ok","timestamp":1761889579570,"user_tz":-480,"elapsed":6,"user":{"displayName":"LEE JIAN CHENG","userId":"08500790547327420043"}},"outputId":"55539235-211e-433c-e532-e5907d787d92"},"execution_count":21,"outputs":[{"output_type":"stream","name":"stdout","text":["[[0.83269382 0.29490921 0.90936788]\n"," [0.36909232 0.07714533 0.02467313]\n"," [0.99997493 0.13393888 0.82227205]\n"," [0.00260551 0.75537242 0.51551347]\n"," [0.74585627 0.82969577 0.06562943]\n"," [0.97310101 0.172697   0.7610849 ]]\n","[[0.83269382 0.36909232 0.99997493 0.00260551 0.74585627 0.97310101]\n"," [0.29490921 0.07714533 0.13393888 0.75537242 0.82969577 0.172697  ]\n"," [0.90936788 0.02467313 0.82227205 0.51551347 0.06562943 0.7610849 ]]\n"]}]},{"cell_type":"code","source":["Q5_1 = np.random.random((3,4))\n","Q5_2 = np.random.random((4,5))\n","print(Q5_1)\n","print(Q5_2)\n","\n","dot_Product = Q5_1 @ Q5_2\n","print(dot_Product)"],"metadata":{"colab":{"base_uri":"https://localhost:8080/"},"id":"9g7d5jC_zXEl","executionInfo":{"status":"ok","timestamp":1761889947031,"user_tz":-480,"elapsed":48,"user":{"displayName":"LEE JIAN CHENG","userId":"08500790547327420043"}},"outputId":"00df908b-dc26-41ae-caa3-84668cbfc6f8"},"execution_count":22,"outputs":[{"output_type":"stream","name":"stdout","text":["[[0.16616384 0.42300033 0.87916697 0.86247213]\n"," [0.31433703 0.43908655 0.56794065 0.40541719]\n"," [0.13515814 0.57342369 0.14287889 0.07590148]]\n","[[0.94494386 0.81271687 0.68257158 0.04736219 0.53536278]\n"," [0.31708946 0.42712851 0.66995228 0.12764114 0.18754545]\n"," [0.46869765 0.73896416 0.50449771 0.87185762 0.84898945]\n"," [0.77668031 0.65909179 0.89563236 0.8110722  0.04822537]]\n","[[1.37307306 1.53384084 1.61280442 1.52789772 0.95628624]\n"," [1.01733255 1.12990831 1.15835407 0.89491919 0.75236004]\n"," [0.43546165 0.51037933 0.61648351 0.26572547 0.30486469]]\n"]}]},{"cell_type":"code","source":[],"metadata":{"id":"PfZVBjxF0ccR"},"execution_count":null,"outputs":[]}]}